$ANSIBLE_VAULT;1.1;AES256
66316136623936313334326533646538373163383363303161306438306530333862363738623337
3939643035646366636365393962396564363763393738370a616461343430643632653466346465
66626135646461363036306533663833363333663266373664323761623236376365393435363838
3534643930663838380a326435303639383138633936316433343732396531643461376361613264
62333962663665336466313965316365373337353861623965366536313936383630383962323761
62663835393636343839646666383161633561326331396666643662623864623564643830396135
35393232653665383365323531653764333636656161623134323739623366303038323831386437
30383936383263623865653934363665323366613163666333323064396261383562343666386436
36636239343265396635363530306561653462616635363830616133346531353464316463353761
63383931383161356434306238666465663530356534303234386233303031386263646662376534
61316539386536363461383539613332313466663566623936656339363466366438636437376231
66386164663434306663343564646263336631313630623762636261336264326161616634336634
39656338386335653663323431386135633432633739393837323334333136356134666264346363
33353536346132303833383564376561613766323862663132343762336535346665376264366134
33666233313066633334623337333263323733376566383830636334373533326361306131343465
31316631386463643462623030373438643661323861643432333935373430633239636430366531
31663133656466323432643539303330323937613235353235353865653739376235613732323639
37393062353338303131643137633963613761626566616466323835383831383062313064663234
30346265633561643330613932373133633565383136333466346664626265386630326165313036
63626465373761626665656435313335373131646532393238376164646165303432363934396438
30323435356363323139393132653237383236386464623364633466303961303363376666323433
32313333343835653533623235333330333764373836343966326231613938396161646435306262
37633866383961306230333536613030656165326239393138626631313538396161303030343863
66396535343537373130363339623039646464343566326461306339306664653135326337303862
32323164373965623463373861653831353937646330653464306634613364666562613236343934
61393831613763323134363635396431356664653464333036343137626430616433396133633934
62383639383764383536663139393339353136333130636635353937623364373738336463333261
34316430316362373530666133393261383664313466653962323032623234336234396666343866
62623735356337666530626334383666346535323435653039393764333538313762646265396230
65396337336136373035363765316534653032376133303635663635333839393439313061323265
35316265616438373531663065336234303563393935356663383362633863373937663337323130
37353137396536626339663261626662346233373636663661393331333231663932323939656663
62396264356232613438643834633637336665356335323232396463383262666132666131333733
31393136356638616166613263313262376363376235383564303361396138303136626436376637
63373730633761613833393234326562396564373964353332386562396137353066376363633261
37303566343432303031386562653333333032356431666466663136383264373161303637303038
34303161633663323637323338656136623433333033333763373835653231303263633561373133
30343932323333316337386239633034653931373930643162303632336164346138303430393965
30343462333266383437346166666664626566386633346638353637653165373861643665343938
39643933336439633763303262353933323436383630396337343165383362363235303363623332
30313934616264393532346138343536386166393863383066373734623437303764383435633866
38353839313233353937376461633338313537626130626134646530333337646135346234666266
37663733653061353335646530653232373838363930656261353931633866343063366138646165
61613633303465636463663663633233623531363364306632393633396135363562626536366665
33393861626261663735313234616566633535393930353139346662333232666663643331333763
62323532616335636363613135346666613331346235313830663661333239353338383030323965
61663061646430613435363366376633386335353138333666393637303266343562333666636261
64333964346639303036376365663564343839643834356634393537623864303135356561363337
36656338306335383563383635323766613139393630383233663866633735383130343463343666
30383566333966656663616161363062643838646535653064366362356265653537316330313138
62373865633637343134393634346561666137653436333564613732636534336338383966343164
31323632643162616364336437323430626266663162626233303765376165366439363961376534
38646565363437623736306433623837666339313966636431633533323433373637316232336234
32613830343030613438666262343435626266356333306437316566616534666330663230316362
66613865663034643837323932646237646637373630393837663066333830396564373730373438
39393435613962643432336433323037623630333631613866333766333339303262313163346433
30623639303938613961306638616262346263653333393837623166323738303731643836396431
63613037383466383231303435343166373966383936646131653063356430623833333534323031
64613734396335616530333035393463373061346533653164653531386239373433366231373066
61353362616135656530396637356266383635643238656631626235623662356162646439613938
32373531333038306465666237366639373437386431656433663938373466383165366664343439
63643335643161643639316333396261383161303331383438613364386439353436306634663066
31306437646538323735353964366163663230643336613132626332393765306235306362363535
39326263616232366661666666626139393032356231653962313265343061363461643536626461
64613135306263303561333437323366653530356531393237633062656236623139353362323362
35363764303733636231333464613361323535326332346464613630303932356239636638396133
36313136373933303032373562366662313436613837623935346231323334363031303439653031
32633038396431636166346238366266323236336633663862316364376433633763656439366530
37376561646265356338393833313565616132346533333063313732616539643662343061343766
39366236326231663734373935613636623561343536373965393461306331306162616431363432
63336666323765363664653432616465613238646436316339306636373832633164613730623237
31303530393635646462363332626332643434323763363437633437613134313133633230356135
39316534623736336462663435613061333861356466323865383766626133356466393935363561
61623839353832633966313633316664633839663532636362323833316634376464373635393730
62646433386462336530626164653532656432376531383261633066386661326635653932323863
35326663633861656539653965636533626464396131363665656537346434393435353666656634
36313935623232343565396565616432636666646263643838633732663263343961346337336365
37393861343037616333663563306538333733616335313937613661303063356631306336666235
66643462316663313263366564666334616637343066386634343665333262376233323734396638
37626264363933646364393037633537336464633965383866663761363233386334346335373131
65326533363535326464663037613035353764393463366564646233663030356563393866633936
30623532366437313531656161386234353261373032656335313337303866363562653336646533
65376566313464663739393130653636383635343531353930306263316534313337366536663239
35363138313139663138333630366431326231383363343238633663646134303336373064313734
30323836383436316430383031313166613361336538373431633635356230663132376338636532
35383563393939393839383664653039326639383638613834653933393135366165353837346639
63336463653264326635393438623263333939366136653430353431336338303662663935643165
34386263326633666632646562643038666331353139306665653931363463663837393365326366
34343661383064353230346539643065303265633630376133386331626439363837333562383330
36623462633664396232643030353736666237663239643036643131356530333339356436646139
37623235653633306630633638393230346565333537393263613562623364633865353034633766
65633365366636613537366437353765616662353231336664363530326263666630323561653564
36636661616662653964616565363761303132393332373331666531343737393966373338626438
36306665666565343961626534653561656536636330643232316163616436663864383133616636
62633738393136393463643930313532373561323335363461363632353563353931396663333239
32323237643938666664
